Folder evaluated: ../AEIC/old_first/inf
Reference folder: ../AEIC/old_first/src
Date: 2026-09-08 17:38:13
Device: cuda

filename                                          PSNR         LPIPS         DISTS          VMAF           FID
--------------------------------------------------------------------------------------------------------------
acacia_door_bottom.png                       11.214474      0.441950      0.390478      8.035366      186.8444
acacia_door_top.png                          13.108041      0.611962      0.379573      0.888501      186.8444
acacia_leaves.png                             9.716039      0.560310      0.432996      4.868290      186.8444
acacia_log.png                               12.024430      0.448599      0.421808      0.000000      186.8444
acacia_log_top.png                           11.658733      0.529269      0.392482      3.169240      186.8444
acacia_planks.png                            17.391172      0.515856      0.404469     11.104701      186.8444
acacia_sapling.png                           10.457404      0.458320      0.331106      2.657684      186.8444
acacia_trapdoor.png                          10.397074      0.533961      0.356090      7.559353      186.8444
activator_rail.png                            7.483528      0.387406      0.411208      1.078907      186.8444
activator_rail_on.png                         6.294726      0.454819      0.387227      4.851789      186.8444
allium.png                                   15.020056      0.391175      0.284368      0.000000      186.8444
amethyst_block.png                           10.872819      0.422409      0.398732      2.474261      186.8444
amethyst_cluster.png                         12.904639      0.398071      0.332991      0.000000      186.8444
ancient_debris_side.png                      16.523023      0.394368      0.413068      7.030344      186.8444
ancient_debris_top.png                       17.062111      0.462490      0.417664      6.449290      186.8444
andesite.png                                 15.392431      0.601415      0.399451     12.231266      186.8444
anvil.png                                    12.812362      0.580075      0.434478      9.458329      186.8444
anvil_top.png                                11.780000      0.574157      0.381377      0.000000      186.8444
attached_melon_stem.png                      11.313503      0.500966      0.350487      0.000000      186.8444
attached_pumpkin_stem.png                    14.009295      0.475734      0.296420      0.000000      186.8444
azalea_leaves.png                             8.771759      0.493423      0.419965      2.095671      186.8444
azalea_plant.png                             11.502784      0.374245      0.340054      0.000000      186.8444
azalea_side.png                              15.897863      0.358758      0.321266      0.000000      186.8444
azalea_top.png                               10.685220      0.464843      0.413829      3.550685      186.8444
azure_bluet.png                              11.733853      0.393944      0.305487      1.037017      186.8444
bamboo_block.png                             15.470942      0.358483      0.344439      5.332880      186.8444
bamboo_block_top.png                         13.412527      0.448303      0.401461     10.044143      186.8444
bamboo_door_bottom.png                       11.653892      0.562094      0.415470      8.970257      186.8444
bamboo_door_top.png                           7.791231      0.478888      0.398052      3.786154      186.8444
bamboo_fence.png                              8.971055      0.524184      0.381549      4.562373      186.8444
bamboo_fence_gate.png                         8.573008      0.487010      0.401313      0.289994      186.8444
bamboo_large_leaves.png                       9.507993      0.423408      0.352612      0.911985      186.8444
bamboo_mosaic.png                            16.655543      0.427733      0.350286      3.657313      186.8444
bamboo_planks.png                            15.768034      0.403167      0.374643      5.113279      186.8444
bamboo_singleleaf.png                        15.362084      0.107066      0.223002      0.000000      186.8444
bamboo_small_leaves.png                      11.619307      0.434558      0.320648      0.087529      186.8444
bamboo_stage0.png                            12.897975      0.422863      0.319336      3.367262      186.8444
bamboo_stalk.png                             12.732397      0.289189      0.348066      4.344993      186.8444
bamboo_trapdoor.png                           6.976965      0.466562      0.414569      4.108891      186.8444
barrel_bottom.png                            13.572942      0.475248      0.400436      4.210757      186.8444
barrel_side.png                              10.823460      0.582625      0.389482      4.118411      186.8444
barrel_top.png                               11.056789      0.536696      0.399639      3.117831      186.8444
barrel_top_open.png                          12.077237      0.459744      0.379937      1.849096      186.8444
beacon.png                                   13.162989      0.380255      0.302057      4.604897      186.8444
bed_feet_end.png                             15.173037      0.440864      0.299543      2.123597      186.8444
bed_feet_side.png                            13.973375      0.266056      0.233540     23.538805      186.8444
bed_feet_top.png                             21.991550      0.206490      0.302885     16.058413      186.8444
bed_head_end.png                             16.522733      0.408929      0.279409     10.544274      186.8444
bed_head_side.png                            16.034730      0.349920      0.231220      0.000000      186.8444
bed_head_top.png                             13.515455      0.405070      0.318601     16.015255      186.8444
bedrock.png                                  12.401035      0.503166      0.482751      8.739231      186.8444
bee_nest_bottom.png                           9.497142      0.535710      0.392884      3.380907      186.8444
bee_nest_front.png                           10.659230      0.521024      0.387004      6.808521      186.8444
bee_nest_front_honey.png                     10.794080      0.559038      0.391147     10.294209      186.8444
bee_nest_side.png                            12.275118      0.557516      0.377027      3.775999      186.8444
bee_nest_top.png                             15.251017      0.539152      0.353257      7.088099      186.8444
beehive_end.png                              12.641552      0.425253      0.377452      3.971799      186.8444
beehive_front.png                            13.308371      0.471228      0.404024      5.233552      186.8444
beehive_front_honey.png                      13.257182      0.464355      0.392428      5.702583      186.8444
beehive_side.png                             13.787353      0.482689      0.400895      6.211283      186.8444
beetroots_stage0.png                         16.161639      0.331845      0.252540      0.000000      186.8444
beetroots_stage1.png                         12.750203      0.354215      0.296750      0.000000      186.8444
beetroots_stage2.png                         10.528182      0.422277      0.276163      1.021150      186.8444
beetroots_stage3.png                          9.606737      0.411719      0.291245      0.000000      186.8444
big_dripleaf_side.png                        50.495939      0.000390      0.085783     97.428139      186.8444
big_dripleaf_stem.png                        15.206403      0.391354      0.315827      0.000000      186.8444
big_dripleaf_tip.png                         18.069970      0.182828      0.266822      1.029084      186.8444
big_dripleaf_top.png                          9.400138      0.365949      0.300000      0.000000      186.8444
birch_door_bottom.png                         6.447773      0.650116      0.397678      2.872208      186.8444
birch_door_top.png                            8.297748      0.614292      0.382124      2.120741      186.8444
birch_leaves.png                             10.019218      0.558829      0.412274      6.244287      186.8444
birch_log.png                                12.385674      0.503520      0.368546      4.144750      186.8444
birch_log_top.png                            11.808678      0.469598      0.349711      3.946411      186.8444
birch_planks.png                             18.549237      0.470887      0.363762      8.377461      186.8444
birch_sapling.png                            11.692397      0.581243      0.347992      4.695974      186.8444
birch_trapdoor.png                           13.156265      0.525371      0.387704     10.853048      186.8444
black_candle.png                             18.575068      0.174624      0.271415      0.000000      186.8444
black_candle_lit.png                         18.480378      0.207958      0.268701      0.000000      186.8444
black_concrete.png                           16.647717      0.532811      0.440733     31.693867      186.8444
black_concrete_powder.png                    19.596361      0.537849      0.435166      8.305107      186.8444
black_glazed_terracotta.png                  21.125482      0.422777      0.374943      8.693534      186.8444
black_stained_glass.png                      20.350165      0.299541      0.404851     16.683260      186.8444
black_stained_glass_pane_top.png             19.832309      0.092389      0.238515     50.579536      186.8444
black_terracotta.png                         21.009008      0.115867      0.362565     63.902199      186.8444
black_wool.png                               31.080066      0.251049      0.354334     50.649670      186.8444
blackstone.png                               19.736584      0.379906      0.340492      8.036635      186.8444
blackstone_top.png                           19.736584      0.379906      0.340492      8.036635      186.8444
blast_furnace_front.png                      11.170870      0.525768      0.378676      3.029609      186.8444
blast_furnace_front_on.png                   10.680579      0.521354      0.411864      9.084499      186.8444
blast_furnace_side.png                        9.768143      0.575872      0.448306      0.161153      186.8444
blast_furnace_top.png                        13.293766      0.557396      0.438047      9.011194      186.8444
blue_candle.png                              18.741657      0.273093      0.275417      0.000000      186.8444
blue_candle_lit.png                          21.379850      0.121017      0.235090      0.000000      186.8444
blue_concrete.png                            13.552493      0.358922      0.412006     14.313665      186.8444
blue_concrete_powder.png                     12.771401      0.370258      0.388391      8.258141      186.8444
blue_glazed_terracotta.png                   11.378913      0.378009      0.418431      5.435381      186.8444
blue_ice.png                                 18.319916      0.313401      0.324272      8.720509      186.8444
blue_orchid.png                               9.550893      0.410986      0.279173      1.865915      186.8444
blue_stained_glass.png                       17.357523      0.182083      0.307719     12.608903      186.8444
blue_stained_glass_pane_top.png              15.620188      0.227516      0.291354      3.867393      186.8444
blue_terracotta.png                          18.434950      0.373372      0.343298     46.991348      186.8444
blue_wool.png                                12.974395      0.394075      0.380805     12.072912      186.8444
bone_block_side.png                          18.421383      0.426493      0.360374     20.323811      186.8444
bone_block_top.png                           14.100161      0.571679      0.359665      5.486791      186.8444
bookshelf.png                                12.243803      0.555863      0.397411     18.050688      186.8444
brewing_stand.png                            12.177179      0.432256      0.366507      0.000000      186.8444
brewing_stand_base.png                       14.909524      0.455355      0.426888      6.956085      186.8444
bricks.png                                   14.617832      0.604841      0.428209      8.663704      186.8444
brown_candle.png                             18.629275      0.213131      0.313912      0.000000      186.8444
brown_candle_lit.png                         22.030593      0.167379      0.208033     20.369825      186.8444
brown_concrete.png                           17.134083      0.571363      0.432968     20.388548      186.8444
brown_concrete_powder.png                    12.694710      0.585201      0.469001      4.354196      186.8444
brown_glazed_terracotta.png                  11.923120      0.424981      0.434956      6.511171      186.8444
brown_mushroom.png                           15.091244      0.319585      0.261648      0.000000      186.8444
brown_mushroom_block.png                     14.860876      0.549488      0.447419      9.834379      186.8444
brown_stained_glass.png                      16.933991      0.501324      0.422334      9.478004      186.8444
brown_stained_glass_pane_top.png             16.355239      0.216531      0.223537     24.181423      186.8444
brown_terracotta.png                         18.283221      0.430183      0.350399     54.790668      186.8444
brown_wool.png                               18.226129      0.577608      0.446710     19.592972      186.8444
budding_amethyst.png                         11.680591      0.494496      0.411711      4.541745      186.8444
cactus_bottom.png                            11.754434      0.406577      0.314171      0.000000      186.8444
cactus_side.png                              11.884000      0.486079      0.363046      8.305742      186.8444
cactus_top.png                                9.984883      0.518750      0.372672      2.837300      186.8444
cake_bottom.png                               9.414285      0.572867      0.400317      3.456435      186.8444
cake_inner.png                               13.198632      0.423156      0.308078      1.682174      186.8444
cake_side.png                                13.710752      0.339051      0.266657      0.000000      186.8444
cake_top.png                                 12.970849      0.336929      0.264125      5.572473      186.8444
calcite.png                                  15.239502      0.517460      0.425029      5.380798      186.8444
candle.png                                   22.570627      0.260876      0.301192      0.000000      186.8444
candle_lit.png                               27.877625      0.202211      0.249198      0.000000      186.8444
carrots_stage0.png                           13.390361      0.263044      0.242800      0.000000      186.8444
carrots_stage1.png                           11.371605      0.264536      0.286748      0.000000      186.8444
carrots_stage2.png                            9.330493      0.358991      0.285299      0.000000      186.8444
carrots_stage3.png                            8.665736      0.325076      0.302500      1.294382      186.8444
cartography_table_side1.png                  12.296177      0.424701      0.348184      6.839621      186.8444
cartography_table_side2.png                  11.513935      0.477401      0.371799      2.039502      186.8444
cartography_table_side3.png                  21.335531      0.416332      0.379508     12.911013      186.8444
cartography_table_top.png                    10.292255      0.462455      0.332228      0.000000      186.8444
carved_pumpkin.png                           12.944124      0.501867      0.376356      0.000000      186.8444
cauldron_bottom.png                          14.634728      0.368632      0.429198      2.161679      186.8444
cauldron_inner.png                           20.408625      0.366296      0.413311     29.775850      186.8444
cauldron_side.png                            16.396806      0.332925      0.411133     16.007639      186.8444
cauldron_top.png                             17.508507      0.418054      0.380180     14.782063      186.8444
cave_vines.png                               10.473547      0.344986      0.314632      0.000000      186.8444
cave_vines_lit.png                           10.554761      0.304876      0.276478      0.434067      186.8444
cave_vines_plant.png                          8.951309      0.403984      0.348853      0.655572      186.8444
cave_vines_plant_lit.png                      7.844017      0.373374      0.353153      0.000000      186.8444
chain.png                                    11.066097      0.343376      0.348695      0.000000      186.8444
cherry_leaves.png                            11.814274      0.492255      0.368868      4.803870      186.8444
cherry_log.png                               11.395892      0.612153      0.469744     12.401044      186.8444
cherry_log_top.png                           11.813259      0.395903      0.320681      0.627646      186.8444
cherry_planks.png                            18.822484      0.493557      0.377167      8.912818      186.8444
chipped_anvil_top.png                        10.496832      0.516525      0.364566      0.000000      186.8444
chiseled_bookshelf_empty.png                 11.125100      0.618192      0.414284      4.384344      186.8444
chiseled_bookshelf_occupied.png               8.211168      0.571915      0.408097      9.177798      186.8444
chiseled_bookshelf_side.png                  12.615209      0.436208      0.368240     10.180918      186.8444
chiseled_bookshelf_top.png                   12.386366      0.455810      0.359956      7.568556      186.8444
chiseled_red_sandstone.png                   15.191518      0.547084      0.334661      6.317276      186.8444
chiseled_sandstone.png                       11.364599      0.478240      0.391540      4.529369      186.8444
chiseled_stone_bricks.png                    10.169646      0.531533      0.435442      6.503238      186.8444
clay.png                                     12.188494      0.582496      0.438727      8.102643      186.8444
coal_block.png                               19.206549      0.394253      0.378374     11.318907      186.8444
coal_ore.png                                 12.309857      0.563873      0.406125      3.341557      186.8444
coarse_dirt.png                              12.605933      0.637403      0.482823      8.626892      186.8444
cobbled_deepslate.png                        11.104830      0.515939      0.446767      6.904358      186.8444
cobblestone.png                               8.122212      0.475545      0.427007      5.819683      186.8444
cobweb.png                                   10.045449      0.505750      0.403349      4.796888      186.8444
cocoa_stage0.png                              9.961113      0.417915      0.316928      0.000000      186.8444
cocoa_stage1.png                             11.300735      0.437219      0.296429      0.000000      186.8444
cocoa_stage2.png                             10.149155      0.427983      0.330980      4.701368      186.8444
command_block.png                            10.048316      0.401322      0.327292      0.000000      186.8444
command_block_back.png                        8.442761      0.505788      0.473458      2.616430      186.8444
comparator.png                                9.634620      0.466088      0.344962      3.515460      186.8444
comparator_on.png                             8.162584      0.511116      0.365513      4.317067      186.8444
composter_bottom.png                         16.111596      0.535169      0.401531     12.095126      186.8444
composter_compost.png                         9.932903      0.326061      0.326676      2.085516      186.8444
composter_ready.png                           9.766601      0.425866      0.353239      0.000000      186.8444
composter_side.png                           14.140061      0.266282      0.366751     16.505232      186.8444
composter_top.png                            11.625238      0.562814      0.356240      0.000000      186.8444
copper_block.png                             11.635452      0.679414      0.441296     12.533693      186.8444
copper_ore.png                               11.119565      0.425907      0.370355      7.406394      186.8444
cornflower.png                               13.625230      0.305251      0.282997      0.000000      186.8444
cracked_deepslate_bricks.png                 14.835055      0.504761      0.418267      6.072605      186.8444
cracked_deepslate_tiles.png                  10.321490      0.618761      0.458211      9.029917      186.8444
cracked_nether_bricks.png                    15.556263      0.508315      0.384031      5.879660      186.8444
cracked_polished_blackstone_bricks.png       14.153327      0.467218      0.432650      6.616847      186.8444
cracked_stone_bricks.png                      9.528589      0.523319      0.396680      4.759442      186.8444
crafting_table_front.png                     11.628583      0.524093      0.407577      1.755480      186.8444
crafting_table_side.png                      13.044094      0.499562      0.373102      3.857555      186.8444
crafting_table_top.png                       12.477048      0.495792      0.419593      0.271271      186.8444
crimson_planks.png                           12.182557      0.518850      0.435236     13.900804      186.8444
cut_copper.png                               14.147055      0.552522      0.384043      9.070854      186.8444
cut_red_sandstone.png                        15.644572      0.412714      0.373595      9.809944      186.8444
cut_sandstone.png                            15.272064      0.333695      0.319951     17.251303      186.8444
cyan_candle.png                              19.378222      0.209071      0.291395      0.000000      186.8444
cyan_candle_lit.png                          22.050714      0.223370      0.235482      0.000000      186.8444
cyan_concrete.png                            17.700130      0.287283      0.335269     27.557627      186.8444
cyan_concrete_powder.png                     11.246210      0.287728      0.328498      7.783397      186.8444
cyan_glazed_terracotta.png                    9.046873      0.380949      0.369017      4.968571      186.8444
cyan_stained_glass.png                       19.704754      0.171541      0.346885     14.751598      186.8444
cyan_stained_glass_pane_top.png              17.941813      0.110676      0.208942     16.446840      186.8444
cyan_terracotta.png                          25.522500      0.237258      0.284584     45.257072      186.8444
cyan_wool.png                                10.364557      0.412865      0.398245      4.523657      186.8444
damaged_anvil_top.png                        12.661346      0.501196      0.382804      0.000000      186.8444
dandelion.png                                 9.695114      0.273935      0.250467      0.000000      186.8444
dark_oak_door_bottom.png                     20.509943      0.476929      0.339011      3.607807      186.8444
dark_oak_door_top.png                        11.613053      0.563091      0.417251      5.664185      186.8444
dark_oak_leaves.png                          10.019218      0.558829      0.412274      6.244287      186.8444
dark_oak_log.png                             13.726641      0.505703      0.439728      5.761292      186.8444
dark_oak_log_top.png                         17.999387      0.458964      0.397891      7.451457      186.8444
dark_oak_planks.png                          23.244346      0.319773      0.425789     14.534219      186.8444
dark_oak_sapling.png                          8.879129      0.377249      0.346477      5.827299      186.8444
dark_oak_trapdoor.png                        17.080578      0.571995      0.413152     11.224656      186.8444
dark_prismarine.png                          13.015251      0.641788      0.440398      3.762987      186.8444
daylight_detector_inverted_top.png           11.229852      0.495561      0.419379      4.980630      186.8444
daylight_detector_side.png                   13.823288      0.630207      0.413976      5.945033      186.8444
daylight_detector_top.png                    11.610547      0.468852      0.416804      3.845814      186.8444
dead_bush.png                                 8.244413      0.468134      0.361828      0.000000      186.8444
deepslate.png                                12.395344      0.553893      0.467895      7.651700      186.8444
deepslate_bricks.png                         15.007481      0.588459      0.437533      4.556026      186.8444
deepslate_coal_ore.png                       11.195038      0.565025      0.437108      6.860248      186.8444
deepslate_copper_ore.png                     12.112954      0.469828      0.412060      6.477850      186.8444
deepslate_diamond_ore.png                    11.362692      0.427769      0.415744      6.227785      186.8444
deepslate_emerald_ore.png                    12.301752      0.363331      0.416750      8.009979      186.8444
deepslate_gold_ore.png                       11.976334      0.465613      0.431091      7.560940      186.8444
deepslate_iron_ore.png                       11.889764      0.442364      0.439363      7.527301      186.8444
deepslate_lapis_ore.png                      12.434812      0.424259      0.430191      7.963330      186.8444
deepslate_redstone_ore.png                   10.992298      0.356039      0.403581      7.437493      186.8444
deepslate_tiles.png                          10.388311      0.583451      0.455709      7.803707      186.8444
deepslate_top.png                            13.113784      0.557584      0.448970      5.988192      186.8444
destroy_stage_0.png                          16.981175      0.329646      0.248336      0.000000      186.8444
destroy_stage_1.png                          15.983562      0.308449      0.247119      0.000000      186.8444
destroy_stage_2.png                          14.725967      0.381347      0.273894      0.000000      186.8444
destroy_stage_3.png                          13.339068      0.443671      0.311217      0.000000      186.8444
destroy_stage_4.png                          12.229585      0.439908      0.346265      0.000000      186.8444
destroy_stage_5.png                          11.196425      0.456673      0.363258      0.000000      186.8444
destroy_stage_6.png                          10.405785      0.448640      0.370476      0.000000      186.8444
destroy_stage_7.png                           8.138790      0.468309      0.345521      1.938587      186.8444
destroy_stage_8.png                           7.733333      0.395622      0.383898      4.000677      186.8444
destroy_stage_9.png                           6.480796      0.390452      0.373032      3.986079      186.8444
detector_rail.png                             6.445000      0.488932      0.412895      5.062504      186.8444
detector_rail_on.png                          7.701007      0.575339      0.401002      2.247361      186.8444
diamond_block.png                            12.429705      0.407052      0.393236      7.788474      186.8444
diamond_ore.png                              14.173356      0.445052      0.370087      9.808041      186.8444
diorite.png                                   9.370369      0.577504      0.444364      4.323097      186.8444
dirt.png                                     15.589146      0.553823      0.449741     14.238772      186.8444
dirt_path_side.png                           15.426061      0.559199      0.438876      9.944497      186.8444
dirt_path_top.png                            10.185042      0.637624      0.497218      3.462147      186.8444
dispenser_front.png                          11.334550      0.593336      0.447633      2.165487      186.8444
dispenser_front_vertical.png                  7.868536      0.570590      0.435132      1.183630      186.8444
dried_kelp_bottom.png                        11.936032      0.425308      0.401319      3.915629      186.8444
dried_kelp_side.png                          17.229773      0.431433      0.370956      3.507527      186.8444
dried_kelp_top.png                           14.876393      0.416638      0.401387      2.748444      186.8444
dripstone_block.png                          14.162941      0.531992      0.439039      7.534917      186.8444
dropper_front.png                            11.667765      0.461561      0.428289      3.850574      186.8444
dropper_front_vertical.png                    7.933183      0.529594      0.435316      1.553016      186.8444
emerald_block.png                            12.273902      0.408346      0.376859      4.990150      186.8444
emerald_ore.png                              11.377690      0.427736      0.397690      3.985127      186.8444
enchanting_table_bottom.png                   9.065796      0.445640      0.399927      4.120950      186.8444
enchanting_table_side.png                    10.841704      0.422064      0.296670      0.000000      186.8444
enchanting_table_top.png                     10.327430      0.303493      0.313176      0.000000      186.8444
end_portal_frame_eye.png                      9.726881      0.386589      0.335593      0.000000      186.8444
end_portal_frame_side.png                    10.929640      0.429682      0.335766      6.878654      186.8444
end_portal_frame_top.png                      6.848604      0.443003      0.381630      4.905102      186.8444
end_rod.png                                  11.700895      0.278857      0.290810      0.000000      186.8444
end_stone.png                                10.937660      0.488565      0.368621      6.804713      186.8444
end_stone_bricks.png                         13.011014      0.435296      0.347052      4.498270      186.8444
exposed_copper.png                           15.742559      0.585465      0.404783     14.895671      186.8444
exposed_cut_copper.png                       12.409737      0.528418      0.391684     11.858071      186.8444
farmland.png                                  7.901992      0.507688      0.463542      3.511970      186.8444
farmland_moist.png                           15.593668      0.533322      0.437388     14.686860      186.8444
fern.png                                     10.157007      0.584249      0.360920      0.000000      186.8444
fish_cod_cooked.png                           7.121008      0.608542      0.390512      0.130688      186.8444
fish_cod_raw.png                              8.361400      0.498509      0.380559      0.000000      186.8444
flower_paeonia.png                            7.962113      0.445131      0.368710      4.115555      186.8444
flower_pot.png                               13.058923      0.455417      0.306827      0.000000      186.8444
flowering_azalea_leaves.png                   8.336099      0.564486      0.442730      1.892572      186.8444
flowering_azalea_side.png                    13.169816      0.435154      0.334033      0.000000      186.8444
flowering_azalea_top.png                      9.001367      0.445707      0.359138      3.039130      186.8444
furnace_front.png                            10.362477      0.608471      0.440245     10.264379      186.8444
furnace_front_on.png                         10.470667      0.522636      0.378951      6.799001      186.8444
furnace_side.png                             10.096477      0.577517      0.446449      0.000000      186.8444
furnace_top.png                              11.442347      0.477749      0.443252      9.347260      186.8444
glass.png                                    10.091708      0.563018      0.351264      0.000000      186.8444
glass_pane_top.png                           16.483986      0.191467      0.277913     47.641266      186.8444
glow_item_frame.png                          13.727519      0.488696      0.351645      0.000000      186.8444
glow_lichen.png                               7.095928      0.405714      0.385464      5.210385      186.8444
glowstone.png                                 8.537136      0.377410      0.405997      6.414700      186.8444
gold_block.png                               11.984870      0.448601      0.399210      6.914514      186.8444
gold_ore.png                                  9.944941      0.342578      0.369982      7.986178      186.8444
granite.png                                   9.488693      0.541686      0.436617      3.818522      186.8444
grass_block_side.png                         15.077529      0.563553      0.415856      5.604525      186.8444
grass_block_side_overlay.png                 16.773387      0.271376      0.299663     10.416386      186.8444
grass_block_snow.png                         13.742098      0.470342      0.367899      5.079640      186.8444
grass_block_top.png                          12.009846      0.606710      0.481451      5.048223      186.8444
gravel.png                                    9.730579      0.582610      0.470933      4.877811      186.8444
gray_candle.png                              19.043603      0.220585      0.303698      0.000000      186.8444
gray_candle_lit.png                          19.472118      0.286353      0.286091      4.174581      186.8444
gray_concrete.png                            19.195378      0.507817      0.445744     13.647564      186.8444
gray_concrete_powder.png                     18.313832      0.575253      0.422567      9.170817      186.8444
gray_glazed_terracotta.png                   11.784892      0.411389      0.370567      2.298453      186.8444
gray_stained_glass.png                       16.688642      0.456241      0.411282     12.451184      186.8444
gray_stained_glass_pane_top.png              20.955678      0.094468      0.233610     67.947678      186.8444
gray_terracotta.png                          16.718838      0.391481      0.363901     67.566864      186.8444
gray_wool.png                                15.541008      0.575784      0.475825     18.796125      186.8444
green_candle.png                             15.521102      0.256828      0.317312      0.000000      186.8444
green_candle_lit.png                         15.788753      0.240280      0.293561      0.000000      186.8444
green_concrete.png                           16.687372      0.276091      0.387527     20.555153      186.8444
green_concrete_powder.png                    16.909620      0.305791      0.366986      4.382122      186.8444
green_glazed_terracotta.png                  11.882379      0.239757      0.346651      0.000000      186.8444
green_stained_glass.png                      20.504411      0.255702      0.357185     12.963374      186.8444
green_stained_glass_pane_top.png             16.197154      0.273749      0.317811     43.619270      186.8444
green_terracotta.png                         16.406520      0.223197      0.334994     44.134632      186.8444
green_wool.png                               16.398897      0.312260      0.413818     19.245481      186.8444
hanging_roots.png                            12.882744      0.433630      0.361312      0.000000      186.8444
hay_block_side.png                           11.579812      0.511529      0.416016     19.159481      186.8444
hay_block_top.png                            10.407226      0.595933      0.449717      5.787314      186.8444
honeycomb_block.png                           8.676721      0.504147      0.420145      5.874266      186.8444
hopper_inside.png                            20.477276      0.364509      0.411988     30.449249      186.8444
hopper_outside.png                           12.812362      0.580075      0.434478      9.458329      186.8444
hopper_top.png                               12.812362      0.580075      0.434478      9.458329      186.8444
ice.png                                      17.821344      0.292433      0.309457     36.448921      186.8444
iron_bars.png                                14.383844      0.428485      0.366315      6.721252      186.8444
iron_block.png                               18.608314      0.321633      0.362248     18.044975      186.8444
iron_door_bottom.png                         14.581225      0.492774      0.399986      1.948424      186.8444
iron_door_top.png                            12.113873      0.553992      0.406867      6.925303      186.8444
iron_ore.png                                 11.297042      0.413105      0.385135     18.264576      186.8444
iron_trapdoor.png                            15.889255      0.646410      0.411703      2.645625      186.8444
item_frame.png                               18.672449      0.335821      0.406945     23.291279      186.8444
jack_o_lantern.png                           12.250881      0.429882      0.347587      3.679527      186.8444
jukebox_side.png                              9.603363      0.437692      0.389556      0.203994      186.8444
jukebox_top.png                               9.679041      0.562368      0.419614      4.585221      186.8444
jungle_door_bottom.png                       13.460496      0.496318      0.371079      1.242655      186.8444
jungle_door_top.png                          12.272697      0.473419      0.345015      2.704651      186.8444
jungle_leaves.png                             8.559958      0.418371      0.392075      5.267507      186.8444
jungle_log.png                               11.379238      0.437309      0.392850      3.398361      186.8444
jungle_log_top.png                           12.978877      0.457662      0.375613      5.851417      186.8444
jungle_planks.png                            19.352815      0.570800      0.420661     10.060644      186.8444
jungle_sapling.png                           14.229277      0.520541      0.354735      2.443796      186.8444
jungle_trapdoor.png                          10.466542      0.473869      0.385093      4.093023      186.8444
jungle_trapdoor2.png                         16.679869      0.393778      0.274918     12.686969      186.8444
ladder.png                                    9.070983      0.579136      0.373823      3.332037      186.8444
lantern.png                                  11.789203      0.545707      0.357195      0.000000      186.8444
lapis_block.png                              13.865833      0.221193      0.329638     10.162512      186.8444
lapis_ore.png                                 9.514771      0.384278      0.404205      3.291417      186.8444
large_amethyst_bud.png                       13.357496      0.250758      0.270921      0.000000      186.8444
large_fern_bottom.png                         9.361243      0.617918      0.372133      0.000000      186.8444
large_fern_top.png                           10.752771      0.451971      0.384425      0.000000      186.8444
lava_flow.png                                17.829839      0.255758      0.249216     12.745360      186.8444
lava_still.png                               15.600544      0.629233      0.399712      9.351385      186.8444
lectern_base.png                             12.029175      0.521493      0.385477     26.837261      186.8444
lectern_front.png                             9.901563      0.541641      0.369744      0.000000      186.8444
lectern_sides.png                            16.543987      0.556217      0.415216      2.407936      186.8444
lectern_top.png                              16.649853      0.530249      0.398537     13.597425      186.8444
lever.png                                    15.884846      0.294892      0.262545      0.000000      186.8444
light_blue_candle.png                        20.647379      0.230378      0.247844      0.000000      186.8444
light_blue_candle_lit.png                    23.516755      0.183993      0.230253      0.000000      186.8444
light_blue_concrete.png                      18.722148      0.340943      0.359233     10.299286      186.8444
light_blue_concrete_powder.png               11.349112      0.599663      0.422980     16.583933      186.8444
light_blue_glazed_terracotta.png             14.230780      0.373533      0.332892     17.932636      186.8444
light_blue_stained_glass.png                 16.280761      0.234203      0.341072     13.208680      186.8444
light_blue_stained_glass_pane_top.png        17.849766      0.406698      0.276113      0.000000      186.8444
light_blue_terracotta.png                    16.895974      0.554715      0.421323     65.545395      186.8444
light_blue_wool.png                           9.409394      0.461943      0.413975     27.292965      186.8444
light_gray_candle.png                        19.989572      0.294079      0.293621      0.000000      186.8444
light_gray_candle_lit.png                    20.595115      0.203212      0.231269      0.000000      186.8444
light_gray_concrete.png                      13.477762      0.554984      0.465067     13.884619      186.8444
light_gray_concrete_powder.png                9.742425      0.643069      0.472175      5.131050      186.8444
light_gray_glazed_terracotta.png             16.870703      0.316240      0.336761      5.285595      186.8444
light_gray_stained_glass.png                 13.117807      0.630919      0.386491      9.557340      186.8444
light_gray_stained_glass_pane_top.png        18.426592      0.295641      0.291120      0.000000      186.8444
light_gray_terracotta.png                    18.437875      0.646143      0.416233     18.317255      186.8444
light_gray_wool.png                           9.371455      0.525740      0.454371      7.158232      186.8444
lilac_bottom.png                             11.670912      0.411537      0.357637      0.907542      186.8444
lilac_top.png                                12.434477      0.367971      0.310348      1.597127      186.8444
lily_pad.png                                 11.026015      0.506440      0.369628      1.584116      186.8444
lime_candle.png                              16.271173      0.256293      0.302009      0.000000      186.8444
lime_candle_lit.png                          17.609275      0.255310      0.287142      6.391851      186.8444
lime_concrete.png                            16.917826      0.161887      0.331133     26.387903      186.8444
lime_concrete_powder.png                     10.704272      0.399706      0.379207      5.732731      186.8444
lime_glazed_terracotta.png                   11.056460      0.359785      0.339537      3.180030      186.8444
lime_stained_glass.png                       17.889196      0.332358      0.366586      7.312460      186.8444
lime_stained_glass_pane_top.png              15.657995      0.217806      0.210944     13.600915      186.8444
lime_terracotta.png                          19.548652      0.417888      0.405442     30.871950      186.8444
lime_wool.png                                12.234928      0.344783      0.386149      5.037434      186.8444
magenta_candle.png                           19.053234      0.198312      0.300518      0.000000      186.8444
magenta_candle_lit.png                       19.361958      0.275809      0.311494      0.000000      186.8444
magenta_concrete.png                         15.307440      0.299199      0.336932     22.475708      186.8444
magenta_concrete_powder.png                  10.805736      0.477909      0.335339      6.501017      186.8444
magenta_glazed_terracotta.png                10.371558      0.315899      0.390254      3.431999      186.8444
magenta_stained_glass.png                    18.463035      0.080797      0.303947     20.209568      186.8444
magenta_stained_glass_pane_top.png           18.550364      0.306391      0.283329      0.000000      186.8444
magenta_terracotta.png                       14.511115      0.348765      0.337134     23.316031      186.8444
magenta_wool.png                              9.270228      0.446360      0.420148     64.129097      186.8444
mangrove_door_bottom.png                     11.908519      0.497445      0.457126      6.746322      186.8444
mangrove_door_top.png                        14.203661      0.462427      0.394642      9.651908      186.8444
mangrove_planks.png                          16.521051      0.372341      0.376957      8.406657      186.8444
medium_amethyst_bud.png                      14.587435      0.273957      0.225504      0.000000      186.8444
melon_side.png                               12.722993      0.374412      0.340137      4.497317      186.8444
melon_stem.png                                9.066163      0.505748      0.364232      2.524083      186.8444
melon_top.png                                 7.476906      0.336700      0.371951      6.752352      186.8444
moss_block.png                                9.827861      0.346435      0.394337      7.387036      186.8444
mossy_cobblestone.png                         7.481775      0.442257      0.410846      5.400474      186.8444
mossy_stone_bricks.png                       10.814257      0.402793      0.382884      5.898701      186.8444
mushroom_block_inside.png                     7.426012      0.376464      0.405137      5.652126      186.8444
mushroom_block_skin_brown.png                14.860876      0.549488      0.447419      9.834379      186.8444
mushroom_block_skin_red.png                  13.763966      0.404058      0.382916      0.330614      186.8444
mushroom_stem.png                            15.443270      0.525534      0.425816     10.276754      186.8444
mycelium_side.png                            10.355337      0.579166      0.464032      4.432897      186.8444
mycelium_top.png                              9.941908      0.519045      0.449567      4.179975      186.8444
nether_brick.png                             15.285598      0.527125      0.399572      6.991628      186.8444
nether_bricks.png                            15.285598      0.527125      0.399572      6.991628      186.8444
nether_gold_ore.png                          10.541425      0.489441      0.431325      4.670587      186.8444
nether_quartz_ore.png                         8.639640      0.418116      0.360920      3.153056      186.8444
nether_wart_block.png                        13.349392      0.334072      0.369988      6.758381      186.8444
nether_wart_stage0.png                       12.878208      0.246174      0.217136      0.000000      186.8444
nether_wart_stage1.png                       10.925776      0.486714      0.358680      0.000000      186.8444
nether_wart_stage2.png                       10.797871      0.368400      0.357638      2.465058      186.8444
netherrack.png                                9.482145      0.466163      0.421101      3.736013      186.8444
note_block.png                                9.603363      0.437692      0.389556      0.203994      186.8444
oak_door_bottom.png                          15.817914      0.521562      0.361241      6.554647      186.8444
oak_door_top.png                             12.411791      0.554126      0.428257      4.165060      186.8444
oak_leaves.png                               10.019218      0.558829      0.412274      6.244287      186.8444
oak_log.png                                   6.696361      0.485603      0.427238      1.765001      186.8444
oak_log_top.png                              13.782933      0.477876      0.402302      3.284118      186.8444
oak_planks.png                               16.772466      0.478628      0.414912      8.513284      186.8444
oak_sapling.png                               8.134964      0.498948      0.356038      0.000000      186.8444
oak_trapdoor.png                              9.712049      0.566355      0.349257      0.000000      186.8444
observer_back_lit.png                        16.425433      0.495131      0.407733      6.531164      186.8444
observer_top.png                              8.673344      0.702533      0.433628      5.999933      186.8444
obsidian.png                                  9.065796      0.445640      0.399927      4.120950      186.8444
orange_candle.png                            18.574862      0.208338      0.230145      0.000000      186.8444
orange_candle_lit.png                        17.852368      0.235373      0.286532      8.824279      186.8444
orange_concrete.png                          22.154662      0.391379      0.358781     35.981796      186.8444
orange_concrete_powder.png                   13.639305      0.579264      0.375918      4.728660      186.8444
orange_glazed_terracotta.png                 12.419648      0.411381      0.346330      4.971109      186.8444
orange_stained_glass.png                     20.842348      0.278324      0.353934     14.098508      186.8444
orange_stained_glass_pane_top.png            15.515567      0.205065      0.266865     28.354156      186.8444
orange_terracotta.png                        15.696576      0.543561      0.409952     24.959547      186.8444
orange_tulip.png                             14.622376      0.408828      0.251062      0.000000      186.8444
orange_wool.png                              15.021801      0.602362      0.419547      6.374080      186.8444
oxeye_daisy.png                              11.609867      0.416075      0.261595      0.000000      186.8444
oxidized_copper.png                          15.548669      0.390691      0.395234     24.081778      186.8444
oxidized_cut_copper.png                      13.427002      0.447221      0.394952      2.795728      186.8444
packed_ice.png                               17.195947      0.381909      0.348333      5.046319      186.8444
peony_bottom.png                             12.103573      0.561180      0.403859      7.363235      186.8444
peony_top.png                                 9.366809      0.377565      0.332983      8.345409      186.8444
pink_candle.png                              20.251395      0.202719      0.291460      0.000000      186.8444
pink_candle_lit.png                          22.330465      0.232138      0.251837      0.000000      186.8444
pink_concrete.png                            17.976097      0.400587      0.327208     30.989683      186.8444
pink_concrete_powder.png                     15.114579      0.311369      0.365704      8.094074      186.8444
pink_glazed_terracotta.png                   13.437896      0.394631      0.375274      4.888600      186.8444
pink_petals.png                              14.197081      0.463204      0.333706      0.901512      186.8444
pink_petals_stem.png                         26.851461      0.131412      0.236698      0.000000      186.8444
pink_stained_glass.png                       13.983980      0.382048      0.343531     14.946763      186.8444
pink_stained_glass_pane_top.png              19.120790      0.255145      0.286967      7.369900      186.8444
pink_terracotta.png                          16.203912      0.535896      0.396051     23.849165      186.8444
pink_tulip.png                               14.304577      0.459775      0.275859      2.347324      186.8444
pink_wool.png                                15.200040      0.540075      0.425307      2.446334      186.8444
piston_bottom.png                            17.129054      0.509647      0.423901      5.109471      186.8444
piston_inner.png                             12.460936      0.536017      0.452874      4.413539      186.8444
piston_side.png                              12.326317      0.539622      0.311891      2.228320      186.8444
piston_top.png                               11.103536      0.455377      0.349972      6.029129      186.8444
piston_top_sticky.png                         8.893861      0.286756      0.327969      5.079323      186.8444
podzol_side.png                              16.949676      0.522667      0.381100     10.017803      186.8444
podzol_top.png                               11.876740      0.611854      0.467288      4.573480      186.8444
pointed_dripstone_down_base.png               8.150597      0.332795      0.309290      1.225519      186.8444
pointed_dripstone_down_frustum.png           10.394005      0.365267      0.355860      0.000000      186.8444
pointed_dripstone_down_middle.png             9.729684      0.383521      0.308021      0.000000      186.8444
pointed_dripstone_down_tip.png               13.912870      0.350885      0.272209      0.000000      186.8444
pointed_dripstone_down_tip_merge.png         11.291940      0.386263      0.302682      0.000000      186.8444
pointed_dripstone_up_base.png                 9.751119      0.523872      0.395837      0.983069      186.8444
pointed_dripstone_up_frustum.png             10.619896      0.418237      0.337884      0.000000      186.8444
pointed_dripstone_up_middle.png              10.138647      0.386965      0.341868      2.090911      186.8444
pointed_dripstone_up_tip.png                 14.634055      0.353920      0.282981      0.000000      186.8444
pointed_dripstone_up_tip_merge.png           13.037390      0.330704      0.282776      0.000000      186.8444
polished_andesite.png                         8.788806      0.647032      0.445567      6.649215      186.8444
polished_blackstone_bricks.png               19.805690      0.425282      0.378475      4.754047      186.8444
polished_deepslate.png                       17.421131      0.634282      0.462103     20.541189      186.8444
polished_diorite.png                         11.671393      0.542583      0.420021      3.804559      186.8444
polished_granite.png                         10.071187      0.561594      0.438785      4.802918      186.8444
poppy.png                                    10.894793      0.443074      0.298341      0.000000      186.8444
potatoes_stage0.png                          14.288828      0.290637      0.228108      0.000000      186.8444
potatoes_stage1.png                          12.264446      0.291148      0.308665      0.000000      186.8444
potatoes_stage2.png                          10.161989      0.354166      0.279512      0.000000      186.8444
potatoes_stage3.png                           9.921235      0.569063      0.358091      0.000000      186.8444
powered_rail.png                              5.962866      0.392151      0.394047      6.322353      186.8444
powered_rail_on.png                           6.577030      0.507377      0.397410      4.978091      186.8444
prismarine.png                               14.283217      0.545287      0.401767      8.461557      186.8444
prismarine_bricks.png                        12.855742      0.209770      0.300834      8.816980      186.8444
pumpkin_side.png                             15.022149      0.378109      0.317807      7.513973      186.8444
pumpkin_stem.png                             12.568222      0.420977      0.300237      0.000000      186.8444
pumpkin_top.png                              12.346892      0.407583      0.365439      4.605214      186.8444
purple_candle.png                            19.204156      0.192024      0.275023      0.000000      186.8444
purple_candle_lit.png                        20.994873      0.167298      0.245445     20.883286      186.8444
purple_concrete.png                          15.857279      0.228447      0.310808     37.653870      186.8444
purple_concrete_powder.png                   15.448773      0.275495      0.311725      7.681530      186.8444
purple_glazed_terracotta.png                 14.643202      0.259756      0.332526      1.160464      186.8444
purple_stained_glass.png                     12.197144      0.133443      0.356611     17.526438      186.8444
purple_stained_glass_pane_top.png            14.984017      0.211898      0.210049     18.622540      186.8444
purple_terracotta.png                        13.882619      0.391315      0.369252     45.540775      186.8444
purple_wool.png                               8.102380      0.418250      0.382605      9.740446      186.8444
purpur_block.png                             16.062451      0.459994      0.385722      6.445164      186.8444
purpur_pillar.png                            10.405392      0.541005      0.402644     11.909798      186.8444
purpur_pillar_top.png                        14.488768      0.425584      0.429987      8.206097      186.8444
quartz_block_bottom.png                      14.652890      0.511302      0.387246     13.542207      186.8444
quartz_block_chiseled.png                    13.511589      0.488292      0.421272      2.801758      186.8444
quartz_block_chiseled_top.png                14.478295      0.543783      0.408967      5.022836      186.8444
quartz_block_lines_top.png                   13.624388      0.612792      0.404850      6.180818      186.8444
quartz_block_side.png                        14.652890      0.511302      0.387246     13.542207      186.8444
quartz_block_top.png                         14.652890      0.511302      0.387246     13.542207      186.8444
quartz_bricks.png                            26.144895      0.348049      0.291519      1.036065      186.8444
quartz_pillar.png                            15.913743      0.382914      0.398086      8.772552      186.8444
rail.png                                      5.967728      0.459810      0.449488      6.169394      186.8444
rail_corner.png                               7.850050      0.594176      0.354068      2.177863      186.8444
raw_copper_block.png                         12.305182      0.504780      0.352570      6.898012      186.8444
raw_gold_block.png                           10.179950      0.412997      0.393878      7.036056      186.8444
raw_iron_block.png                            8.788030      0.524271      0.436072      4.913036      186.8444
red_candle.png                               18.439972      0.199919      0.325346      0.000000      186.8444
red_candle_lit.png                           21.112573      0.172896      0.218639     19.803053      186.8444
red_concrete.png                             17.719861      0.137394      0.361760     42.953800      186.8444
red_concrete_powder.png                      15.520871      0.341826      0.365644     13.946818      186.8444
red_glazed_terracotta.png                    11.702743      0.355596      0.376841      2.409840      186.8444
red_mushroom.png                             15.275533      0.317926      0.266114      0.000000      186.8444
red_mushroom_block.png                       13.763966      0.404058      0.382916      0.330614      186.8444
red_nether_bricks.png                        11.664690      0.493299      0.419879      7.112535      186.8444
red_sand.png                                 11.721626      0.429033      0.402660      8.658309      186.8444
red_sandstone.png                            17.417443      0.442204      0.332229      6.711097      186.8444
red_sandstone_bottom.png                     15.270121      0.439377      0.344025      6.131313      186.8444
red_sandstone_top.png                        14.550826      0.579067      0.395680     10.254224      186.8444
red_stained_glass.png                        18.798452      0.240242      0.413892     17.561029      186.8444
red_stained_glass_pane_top.png               14.998452      0.284895      0.323803     51.020325      186.8444
red_terracotta.png                           22.039690      0.608510      0.348814     38.262215      186.8444
red_tulip.png                                14.366544      0.520199      0.294622      0.000000      186.8444
red_wool.png                                 13.236435      0.488294      0.434509     19.836056      186.8444
redstone_block.png                           20.151263      0.360704      0.326805     10.079685      186.8444
redstone_dust_cross.png                       8.856737      0.352958      0.318076      0.000000      186.8444
redstone_dust_dot.png                        24.311601      0.472189      0.289922      0.000000      186.8444
redstone_dust_line.png                       10.972014      0.395449      0.294372      4.530004      186.8444
redstone_dust_line0.png                      16.273686      0.472007      0.345296      0.000000      186.8444
redstone_dust_line1.png                      19.732502      0.287135      0.269185      0.000000      186.8444
redstone_lamp.png                            14.196679      0.452740      0.413189      2.568511      186.8444
redstone_lamp_on.png                         10.169560      0.518066      0.376962      0.000000      186.8444
redstone_ore.png                              9.279148      0.463420      0.400114      4.054307      186.8444
redstone_torch.png                           17.734364      0.234308      0.259459     17.715258      186.8444
redstone_torch_off.png                       18.098193      0.276679      0.287180      0.000000      186.8444
repeater.png                                  9.037870      0.600557      0.414212      5.371913      186.8444
repeater_on.png                               9.018392      0.589896      0.404404      6.665400      186.8444
rose.png                                     11.454692      0.474905      0.314000      0.000000      186.8444
rose_bush_bottom.png                          9.757661      0.365467      0.307582      2.268306      186.8444
rose_bush_top.png                            13.721272      0.432740      0.271850      0.000000      186.8444
sand.png                                     21.934592      0.327887      0.358983     15.927669      186.8444
sandstone.png                                17.260476      0.477688      0.363102     11.724470      186.8444
sandstone_bottom.png                         13.391517      0.393352      0.310285     13.624398      186.8444
sandstone_top.png                            21.033829      0.537333      0.388758     12.629530      186.8444
scaffolding_bottom.png                       13.956270      0.575446      0.349970      1.711370      186.8444
scaffolding_side.png                         11.208724      0.501481      0.375198      0.000000      186.8444
scaffolding_top.png                          10.967344      0.392018      0.382953      4.231067      186.8444
sea_lantern.png                              12.031342      0.455847      0.328700      5.171035      186.8444
short_grass.png                              10.924508      0.635597      0.349064      4.008293      186.8444
shulker_box.png                              12.073129      0.487292      0.371485      8.796353      186.8444
slime_block.png                              17.267070      0.243415      0.331697     13.230894      186.8444
small_amethyst_bud.png                       17.844906      0.212908      0.261200      0.000000      186.8444
small_dripleaf_side.png                      50.495939      0.000390      0.085783     97.428139      186.8444
small_dripleaf_stem_bottom.png               17.525205      0.306053      0.302948      0.000000      186.8444
small_dripleaf_stem_top.png                  19.371326      0.448765      0.317686      0.000000      186.8444
small_dripleaf_top.png                       14.264723      0.250222      0.277004      0.000000      186.8444
smooth_basalt.png                            16.510351      0.588931      0.433406     15.511950      186.8444
smooth_stone.png                             11.646648      0.632822      0.461074     14.992144      186.8444
smooth_stone_slab_side.png                   13.729293      0.605524      0.415309     12.334085      186.8444
snow.png                                     17.193814      0.320413      0.368180     30.226158      186.8444
soul_lantern.png                             12.178784      0.498695      0.358231      0.000000      186.8444
soul_sand.png                                12.367813      0.429048      0.437511      5.354776      186.8444
soul_soil.png                                16.356388      0.381835      0.412490     12.671419      186.8444
spawner.png                                   7.444551      0.442352      0.402570      0.000000      186.8444
sponge.png                                   11.654140      0.496003      0.369919      5.681639      186.8444
spore_blossom.png                            13.014152      0.440681      0.318380      0.000000      186.8444
spore_blossom_base.png                       10.876056      0.248289      0.302188      0.029138      186.8444
spruce_door_bottom.png                       16.364263      0.465530      0.397967     11.345881      186.8444
spruce_door_top.png                          10.657129      0.516797      0.455104      7.093494      186.8444
spruce_leaves.png                             9.499261      0.427276      0.402542      7.857655      186.8444
spruce_log.png                                8.464216      0.470034      0.457911      6.275069      186.8444
spruce_log_top.png                           17.049411      0.513501      0.396692      5.533757      186.8444
spruce_planks.png                            12.035859      0.511108      0.446356     11.103432      186.8444
spruce_sapling.png                            9.910039      0.396239      0.332013      0.000000      186.8444
spruce_trapdoor.png                          16.509434      0.428673      0.390101      6.197320      186.8444
stone.png                                    14.643392      0.575870      0.479293     15.133995      186.8444
stone_bricks.png                              9.225251      0.591193      0.420925      3.088635      186.8444
stonecutter_bottom.png                        9.182138      0.528846      0.434311     14.132780      186.8444
stonecutter_saw.png                          19.780211      0.357264      0.289670      0.000000      186.8444
stonecutter_side.png                         13.608414      0.399251      0.300708      0.000000      186.8444
stonecutter_top.png                           8.303210      0.524035      0.398564      3.156864      186.8444
stripped_acacia_log.png                      18.310342      0.444903      0.339629     29.778070      186.8444
stripped_acacia_log_top.png                  16.563909      0.523843      0.383963      4.992689      186.8444
stripped_bamboo_block.png                    13.577248      0.340489      0.328585      5.623565      186.8444
stripped_bamboo_block_top.png                10.578125      0.515486      0.406324     12.908156      186.8444
stripped_birch_log.png                       18.833573      0.349202      0.358894     17.864725      186.8444
stripped_birch_log_top.png                   16.263524      0.645611      0.369156      4.239953      186.8444
stripped_cherry_log.png                      18.971041      0.396832      0.335528     14.052811      186.8444
stripped_cherry_log_top.png                  14.197966      0.458732      0.325082      5.050128      186.8444
stripped_dark_oak_log.png                    20.597350      0.312064      0.365157     14.897258      186.8444
stripped_dark_oak_log_top.png                19.333793      0.487487      0.465030      6.246191      186.8444
stripped_jungle_log.png                      17.468736      0.464194      0.343410     18.481956      186.8444
stripped_jungle_log_top.png                  12.881396      0.525546      0.387613      7.500327      186.8444
stripped_oak_log.png                         20.736267      0.564599      0.383889     14.452979      186.8444
stripped_oak_log_top.png                     15.070825      0.568503      0.394035      4.960955      186.8444
stripped_spruce_log.png                      16.628546      0.587503      0.396132     19.751961      186.8444
stripped_spruce_log_top.png                  20.623232      0.435017      0.351425      5.304636      186.8444
sugar_cane.png                               13.060273      0.332942      0.338132      2.988990      186.8444
sunflower_back.png                           13.647985      0.335552      0.249344      0.000000      186.8444
sunflower_bottom.png                          8.959674      0.380373      0.366183      0.000000      186.8444
sunflower_front.png                          11.864964      0.394393      0.252488      0.000000      186.8444
sunflower_top.png                            13.918979      0.339953      0.257920      0.000000      186.8444
suspicious_gravel_0.png                      11.289289      0.536911      0.438452      5.603572      186.8444
suspicious_gravel_1.png                      11.302838      0.532958      0.434716      5.531219      186.8444
suspicious_gravel_2.png                      11.310441      0.533309      0.431308      7.518098      186.8444
suspicious_gravel_3.png                      11.374368      0.536980      0.421515      5.250371      186.8444
suspicious_sand_0 - Kopi.png                 13.933147      0.481346      0.389331      8.899807      186.8444
suspicious_sand_0.png                        17.324516      0.488998      0.362408      7.522224      186.8444
suspicious_sand_1.png                        16.790213      0.520125      0.369933      5.345573      186.8444
suspicious_sand_2.png                        13.933147      0.481346      0.389331      8.899807      186.8444
suspicious_sand_3.png                        14.562263      0.542852      0.418545      5.090747      186.8444
sweet_berry_bush_stage0.png                  11.970520      0.427252      0.280509      0.000000      186.8444
sweet_berry_bush_stage1.png                  10.169214      0.518733      0.347418      0.000000      186.8444
sweet_berry_bush_stage2.png                  10.226384      0.510507      0.344560      0.000000      186.8444
sweet_berry_bush_stage3.png                  10.212876      0.504474      0.339547      0.000000      186.8444
tall_grass_bottom.png                         8.961731      0.389172      0.357498      7.281996      186.8444
tall_grass_top.png                           10.952022      0.526632      0.335751      1.343570      186.8444
tallgrass.png                                10.924508      0.635597      0.349064      4.008293      186.8444
terracotta.png                               21.482123      0.370977      0.286678     13.755461      186.8444
tinted_glass.png                             17.383910      0.481452      0.438758     13.373381      186.8444
tnt_bottom.png                               18.542725      0.465675      0.367763      8.492339      186.8444
tnt_side.png                                 11.677241      0.620277      0.410649      4.573480      186.8444
tnt_top.png                                  12.818254      0.499125      0.421816      6.869768      186.8444
torch.png                                    15.667941      0.360666      0.314827      0.000000      186.8444
tripwire.png                                 21.166702      0.216443      0.338542      0.000000      186.8444
tripwire_hook.png                            11.496774      0.431219      0.336132      3.257461      186.8444
tuff.png                                     18.836771      0.479497      0.408685      6.453098      186.8444
vine.png                                      8.797859      0.594624      0.451329      3.530058      186.8444
warped_planks.png                            17.774442      0.313464      0.323902      7.691367      186.8444
water_flow.png                               19.858192      0.400868      0.307439      7.676452      186.8444
water_still.png                              19.844566      0.379523      0.317498      7.457803      186.8444
weathered_copper.png                         11.987155      0.503644      0.437802     12.314727      186.8444
weathered_cut_copper.png                      9.970578      0.540118      0.454611      8.311771      186.8444
wet_sponge.png                               19.787114      0.392881      0.363802     12.832629      186.8444
wheat_stage0.png                             16.331854      0.183173      0.218026      0.000000      186.8444
wheat_stage1.png                             14.961575      0.227246      0.224330      0.000000      186.8444
wheat_stage2.png                             13.332032      0.355148      0.211470      0.000000      186.8444
wheat_stage3.png                             14.719545      0.402480      0.225414      0.000000      186.8444
wheat_stage4.png                             13.932898      0.343702      0.214236      1.364832      186.8444
wheat_stage5.png                             15.442583      0.298128      0.281663      0.000000      186.8444
wheat_stage6.png                             11.070205      0.461841      0.370942      0.801867      186.8444
wheat_stage7.png                             13.245541      0.462519      0.393430      5.122482      186.8444
white_candle.png                             21.523109      0.244678      0.253391      0.000000      186.8444
white_candle_lit.png                         24.638035      0.197675      0.227216      0.000000      186.8444
white_concrete.png                           24.008206      0.425154      0.339726     13.232798      186.8444
white_concrete_powder.png                    21.106221      0.412211      0.356870     10.589336      186.8444
white_glazed_terracotta.png                  21.779525      0.440181      0.391614     21.422768      186.8444
white_stained_glass.png                      15.095239      0.693670      0.391409      4.188226      186.8444
white_stained_glass_pane_top.png             19.855721      0.346356      0.361708      0.000000      186.8444
white_terracotta.png                         12.541990      0.521425      0.370967     47.516232      186.8444
white_tulip.png                              14.179874      0.324569      0.246898      0.000000      186.8444
white_wool.png                               14.750755      0.603643      0.430946      6.311563      186.8444
yellow_candle.png                            19.836225      0.245267      0.290788      0.000000      186.8444
yellow_candle_lit.png                        21.762645      0.210966      0.225254      0.000000      186.8444
yellow_concrete.png                          18.961277      0.370878      0.387725     42.874783      186.8444
yellow_concrete_powder.png                   18.594570      0.277085      0.324208     12.244911      186.8444
yellow_glazed_terracotta.png                 13.684352      0.334309      0.311751      3.178443      186.8444
yellow_stained_glass.png                     18.939125      0.331926      0.355364      8.393011      186.8444
yellow_stained_glass_pane_top.png            18.483847      0.199319      0.265597     42.471443      186.8444
yellow_terracotta.png                        25.444386      0.293039      0.312116     18.793587      186.8444
yellow_wool.png                              14.871966      0.373483      0.365158      4.623620      186.8444
zoxidized_copper.png                         15.548669      0.390691      0.395234     24.081778      186.8444
--------------------------------------------------------------------------------------------------------------
MEAN                                         13.888106      0.429096      0.362441      7.929021      186.8444
